ARMA_MAT_TXT_FN008
1000 1
   0.00000000000000e+00
   1.79303264266507e-02
   2.67467832092050e-02
   3.54654178289165e-02
   4.40872046020214e-02
   5.26131081404912e-02
   6.10440834486887e-02
   6.93810760190597e-02
   7.76250219268730e-02
   8.57768479240161e-02
   9.38374715318564e-02
   1.01807801133178e-01
   1.09688736063205e-01
   1.17481166699710e-01
   1.25185974552237e-01
   1.32804032350428e-01
   1.40336204131470e-01
   1.47783345326673e-01
   1.55146302847187e-01
   1.62425915168860e-01
   1.69623012416259e-01
   1.76738416445844e-01
   1.83772940928324e-01
   1.90727391430183e-01
   1.97602565494404e-01
   2.04399252720378e-01
   2.11118234843027e-01
   2.17760285811134e-01
   2.24326171864891e-01
   2.30816651612681e-01
   2.37232476107086e-01
   2.43574388920152e-01
   2.49843126217885e-01
   2.56039416834026e-01
   2.62163982343072e-01
   2.68217537132585e-01
   2.74200788474772e-01
   2.80114436597354e-01
   2.85959174753730e-01
   2.91735689292444e-01
   2.97444659725954e-01
   3.03086758798722e-01
   3.08662652554624e-01
   3.14173000403688e-01
   3.19618455188168e-01
   3.24999663247958e-01
   3.30317264485359e-01
   3.35571892429194e-01
   3.40764174298291e-01
   3.45894731064332e-01
   3.50964177514071e-01
   3.55973122310941e-01
   3.60922168056038e-01
   3.65811911348508e-01
   3.70642942845322e-01
   3.75415847320463e-01
   3.80131203723519e-01
   3.84789585237697e-01
   3.89391559337256e-01
   3.93937687844366e-01
   3.98428526985406e-01
   4.02864627446698e-01
   4.07246534429687e-01
   4.11574787705567e-01
   4.15849921669372e-01
   4.20072465393519e-01
   4.24242942680826e-01
   4.28361872116990e-01
   4.32429767122559e-01
   4.36447136004372e-01
   4.40414482006491e-01
   4.44332303360630e-01
   4.48201093336079e-01
   4.52021340289124e-01
   4.55793527711987e-01
   4.59518134281272e-01
   4.63195633905925e-01
   4.66826495774722e-01
   4.70411184403287e-01
   4.73950159680628e-01
   4.77443876915226e-01
   4.80892786880654e-01
   4.84297335860746e-01
   4.87657965694313e-01
   4.90975113819420e-01
   4.94249213317215e-01
   4.97480692955323e-01
   5.00669977230811e-01
   5.03817486412725e-01
   5.06923636584197e-01
   5.09988839684138e-01
   5.13013503548520e-01
   5.15998031951232e-01
   5.18942824644549e-01
   5.21848277399180e-01
   5.24714782043928e-01
   5.27542726504951e-01
   5.30332494844635e-01
   5.33084467300070e-01
   5.35799020321162e-01
   5.38476526608341e-01
   5.41117355149916e-01
   5.43721871259043e-01
   5.46290436610332e-01
   5.48823409276084e-01
   5.51321143762174e-01
   5.53783991043572e-01
   5.56212298599508e-01
   5.58606410448294e-01
   5.60966667181794e-01
   5.63293405999548e-01
   5.65586960742567e-01
   5.67847661926776e-01
   5.70075836776138e-01
   5.72271809255440e-01
   5.74435900102755e-01
   5.76568426861579e-01
   5.78669703912653e-01
   5.80740042505460e-01
   5.82779750789414e-01
   5.84789133844737e-01
   5.86768493713031e-01
   5.88718129427538e-01
   5.90638337043107e-01
   5.92529409665857e-01
   5.94391637482551e-01
   5.96225307789664e-01
   5.98030705022181e-01
   5.99808110782092e-01
   6.01557803866606e-01
   6.03280060296095e-01
   6.04975153341744e-01
   6.06643353552937e-01
   6.08284928784366e-01
   6.09900144222869e-01
   6.11489262414003e-01
   6.13052543288351e-01
   6.14590244187567e-01
   6.16102619890164e-01
   6.17589922637040e-01
   6.19052402156756e-01
   6.20490305690554e-01
   6.21903878017137e-01
   6.23293361477194e-01
   6.24658995997681e-01
   6.26001019115863e-01
   6.27319666003115e-01
   6.28615169488489e-01
   6.29887760082039e-01
   6.31137665997925e-01
   6.32365113177274e-01
   6.33570325310821e-01
   6.34753523861327e-01
   6.35914928085765e-01
   6.37054755057293e-01
   6.38173219687002e-01
   6.39270534745454e-01
   6.40346910883998e-01
   6.41402556655881e-01
   6.42437678537143e-01
   6.43452480947308e-01
   6.44447166269863e-01
   6.45421934872542e-01
   6.46376985127402e-01
   6.47312513430697e-01
   6.48228714222561e-01
   6.49125780006487e-01
   6.50003901368622e-01
   6.50863266996856e-01
   6.51704063699738e-01
   6.52526476425186e-01
   6.53330688279023e-01
   6.54116880543325e-01
   6.54885232694584e-01
   6.55635922421694e-01
   6.56369125643751e-01
   6.57085016527686e-01
   6.57783767505713e-01
   6.58465549292607e-01
   6.59130530902812e-01
   6.59778879667376e-01
   6.60410761250715e-01
   6.61026339667215e-01
   6.61625777297667e-01
   6.62209234905537e-01
   6.62776871653074e-01
   6.63328845117259e-01
   6.63865311305595e-01
   6.64386424671736e-01
   6.64892338130967e-01
   6.65383203075527e-01
   6.65859169389773e-01
   6.66320385465206e-01
   6.66766998215334e-01
   6.67199153090396e-01
   6.67616994091934e-01
   6.68020663787227e-01
   6.68410303323569e-01
   6.68786052442419e-01
   6.69148049493399e-01
   6.69496431448159e-01
   6.69831333914100e-01
   6.70152891147963e-01
   6.70461236069283e-01
   6.70756500273704e-01
   6.71038814046169e-01
   6.71308306373972e-01
   6.71565104959684e-01
   6.71809336233949e-01
   6.72041125368152e-01
   6.72260596286961e-01
   6.72467871680745e-01
   6.72663073017868e-01
   6.72846320556858e-01
   6.73017733358462e-01
   6.73177429297570e-01
   6.73325525075029e-01
   6.73462136229340e-01
   6.73587377148228e-01
   6.73701361080109e-01
   6.73804200145437e-01
   6.73896005347935e-01
   6.73976886585724e-01
   6.74046952662327e-01
   6.74106311297580e-01
   6.74155069138418e-01
   6.74193331769566e-01
   6.74221203724117e-01
   6.74238788494005e-01
   6.74246188540378e-01
   6.74243505303862e-01
   6.74230839214727e-01
   6.74208289702951e-01
   6.74175955208179e-01
   6.74133933189592e-01
   6.74082320135670e-01
   6.74021211573859e-01
   6.73950702080145e-01
   6.73870885288530e-01
   6.73781853900415e-01
   6.73683699693886e-01
   6.73576513532913e-01
   6.73460385376456e-01
   6.73335404287473e-01
   6.73201658441851e-01
   6.73059235137239e-01
   6.72908220801791e-01
   6.72748701002833e-01
   6.72580760455434e-01
   6.72404483030893e-01
   6.72219951765145e-01
   6.72027248867081e-01
   6.71826455726785e-01
   6.71617652923688e-01
   6.71400920234647e-01
   6.71176336641933e-01
   6.70943980341147e-01
   6.70703928749058e-01
   6.70456258511357e-01
   6.70201045510337e-01
   6.69938364872500e-01
   6.69668290976079e-01
   6.69390897458497e-01
   6.69106257223741e-01
   6.68814442449669e-01
   6.68515524595244e-01
   6.68209574407689e-01
   6.67896661929580e-01
   6.67576856505866e-01
   6.67250226790812e-01
   6.66916840754883e-01
   6.66576765691553e-01
   6.66230068224047e-01
   6.65876814312017e-01
   6.65517069258154e-01
   6.65150897714728e-01
   6.64778363690067e-01
   6.64399530554971e-01
   6.64014461049063e-01
   6.63623217287075e-01
   6.63225860765069e-01
   6.62822452366604e-01
   6.62413052368832e-01
   6.61997720448542e-01
   6.61576515688138e-01
   6.61149496581555e-01
   6.60716721040128e-01
   6.60278246398388e-01
   6.59834129419812e-01
   6.59384426302506e-01
   6.58929192684840e-01
   6.58468483651021e-01
   6.58002353736615e-01
   6.57530856934006e-01
   6.57054046697812e-01
   6.56571975950239e-01
   6.56084697086384e-01
   6.55592261979482e-01
   6.55094721986111e-01
   6.54592127951331e-01
   6.54084530213781e-01
   6.53571978610723e-01
   6.53054522483039e-01
   6.52532210680169e-01
   6.52005091565010e-01
   6.51473213018760e-01
   6.50936622445718e-01
   6.50395366778032e-01
   6.49849492480402e-01
   6.49299045554736e-01
   6.48744071544759e-01
   6.48184615540578e-01
   6.47620722183198e-01
   6.47052435668998e-01
   6.46479799754156e-01
   6.45902857759035e-01
   6.45321652572526e-01
   6.44736226656340e-01
   6.44146622049268e-01
   6.43552880371393e-01
   6.42955042828256e-01
   6.42353150214989e-01
   6.41747242920401e-01
   6.41137360931026e-01
   6.40523543835128e-01
   6.39905830826670e-01
   6.39284260709238e-01
   6.38658871899936e-01
   6.38029702433224e-01
   6.37396789964742e-01
   6.36760171775074e-01
   6.36119884773485e-01
   6.35475965501625e-01
   6.34828450137184e-01
   6.34177374497518e-01
   6.33522774043243e-01
   6.32864683881781e-01
   6.32203138770883e-01
   6.31538173122111e-01
   6.30869821004283e-01
   6.30198116146892e-01
   6.29523091943479e-01
   6.28844781454986e-01
   6.28163217413064e-01
   6.27478432223354e-01
   6.26790457968735e-01
   6.26099326412538e-01
   6.25405069001728e-01
   6.24707716870057e-01
   6.24007300841182e-01
   6.23303851431752e-01
   6.22597398854472e-01
   6.21887973021124e-01
   6.21175603545564e-01
   6.20460319746695e-01
   6.19742150651401e-01
   6.19021124997455e-01
   6.18297271236401e-01
   6.17570617536400e-01
   6.16841191785061e-01
   6.16109021592226e-01
   6.15374134292744e-01
   6.14636556949204e-01
   6.13896316354651e-01
   6.13153439035270e-01
   6.12407951253042e-01
   6.11659879008377e-01
   6.10909248042719e-01
   6.10156083841124e-01
   6.09400411634818e-01
   6.08642256403718e-01
   6.07881642878942e-01
   6.07118595545283e-01
   6.06353138643665e-01
   6.05585296173569e-01
   6.04815091895439e-01
   6.04042549333064e-01
   6.03267691775936e-01
   6.02490542281578e-01
   6.01711123677861e-01
   6.00929458565289e-01
   6.00145569319261e-01
   5.99359478092318e-01
   5.98571206816357e-01
   5.97780777204834e-01
   5.96988210754937e-01
   5.96193528749739e-01
   5.95396752260334e-01
   5.94597902147944e-01
   5.93796999066013e-01
   5.92994063462276e-01
   5.92189115580805e-01
   5.91382175464040e-01
   5.90573262954798e-01
   5.89762397698259e-01
   5.88949599143935e-01
   5.88134886547621e-01
   5.87318278973321e-01
   5.86499795295162e-01
   5.85679454199281e-01
   5.84857274185702e-01
   5.84033273570184e-01
   5.83207470486065e-01
   5.82379882886067e-01
   5.81550528544108e-01
   5.80719425057071e-01
   5.79886589846576e-01
   5.79052040160721e-01
   5.78215793075811e-01
   5.77377865498072e-01
   5.76538274165342e-01
   5.75697035648746e-01
   5.74854166354363e-01
   5.74009682524864e-01
   5.73163600241143e-01
   5.72315935423927e-01
   5.71466703835369e-01
   5.70615921080633e-01
   5.69763602609453e-01
   5.68909763717681e-01
   5.68054419548825e-01
   5.67197585095558e-01
   5.66339275201228e-01
   5.65479504561340e-01
   5.64618287725033e-01
   5.63755639096533e-01
   5.62891572936601e-01
   5.62026103363958e-01
   5.61159244356701e-01
   5.60291009753707e-01
   5.59421413256015e-01
   5.58550468428199e-01
   5.57678188699732e-01
   5.56804587366325e-01
   5.55929677591265e-01
   5.55053472406732e-01
   5.54175984715103e-01
   5.53297227290247e-01
   5.52417212778804e-01
   5.51535953701453e-01
   5.50653462454166e-01
   5.49769751309449e-01
   5.48884832417575e-01
   5.47998717807797e-01
   5.47111419389559e-01
   5.46222948953682e-01
   5.45333318173551e-01
   5.44442538606286e-01
   5.43550621693893e-01
   5.42657578764417e-01
   5.41763421033075e-01
   5.40868159603379e-01
   5.39971805468248e-01
   5.39074369511112e-01
   5.38175862507002e-01
   5.37276295123628e-01
   5.36375677922448e-01
   5.35474021359728e-01
   5.34571335787589e-01
   5.33667631455043e-01
   5.32762918509022e-01
   5.31857206995393e-01
   5.30950506859966e-01
   5.30042827949491e-01
   5.29134180012641e-01
   5.28224572700994e-01
   5.27314015569996e-01
   5.26402518079921e-01
   5.25490089596816e-01
   5.24576739393445e-01
   5.23662476650210e-01
   5.22747310456080e-01
   5.21831249809495e-01
   5.20914303619268e-01
   5.19996480705484e-01
   5.19077789800376e-01
   5.18158239549203e-01
   5.17237838511119e-01
   5.16316595160026e-01
   5.15394517885426e-01
   5.14471614993262e-01
   5.13547894706747e-01
   5.12623365167192e-01
   5.11698034434819e-01
   5.10771910489570e-01
   5.09845001231907e-01
   5.08917314483600e-01
   5.07988857988517e-01
   5.07059639413393e-01
   5.06129666348606e-01
   5.05198946308928e-01
   5.04267486734289e-01
   5.03335294990512e-01
   5.02402378370059e-01
   5.01468744092755e-01
   5.00534399306520e-01
   4.99599351088076e-01
   4.98663606443661e-01
   4.97727172309733e-01
   4.96790055553658e-01
   4.95852262974407e-01
   4.94913801303229e-01
   4.93974677204332e-01
   4.93034897275546e-01
   4.92094468048987e-01
   4.91153395991711e-01
   4.90211687506362e-01
   4.89269348931810e-01
   4.88326386543794e-01
   4.87382806555543e-01
   4.86438615118402e-01
   4.85493818322450e-01
   4.84548422197106e-01
   4.83602432711738e-01
   4.82655855776256e-01
   4.81708697241709e-01
   4.80760962900867e-01
   4.79812658488807e-01
   4.78863789683480e-01
   4.77914362106287e-01
   4.76964381322638e-01
   4.76013852842513e-01
   4.75062782121010e-01
   4.74111174558894e-01
   4.73159035503140e-01
   4.72206370247464e-01
   4.71253184032859e-01
   4.70299482048115e-01
   4.69345269430341e-01
   4.68390551265484e-01
   4.67435332588829e-01
   4.66479618385513e-01
   4.65523413591019e-01
   4.64566723091673e-01
   4.63609551725133e-01
   4.62651904280872e-01
   4.61693785500662e-01
   4.60735200079044e-01
   4.59776152663803e-01
   4.58816647856430e-01
   4.57856690212586e-01
   4.56896284242558e-01
   4.55935434411707e-01
   4.54974145140923e-01
   4.54012420807060e-01
   4.53050265743380e-01
   4.52087684239985e-01
   4.51124680544247e-01
   4.50161258861235e-01
   4.49197423354133e-01
   4.48233178144661e-01
   4.47268527313486e-01
   4.46303474900632e-01
   4.45338024905882e-01
   4.44372181289183e-01
   4.43405947971040e-01
   4.42439328832909e-01
   4.41472327717586e-01
   4.40504948429594e-01
   4.39537194735561e-01
   4.38569070364600e-01
   4.37600579008682e-01
   4.36631724323006e-01
   4.35662509926362e-01
   4.34692939401501e-01
   4.33723016295486e-01
   4.32752744120053e-01
   4.31782126351959e-01
   4.30811166433335e-01
   4.29839867772026e-01
   4.28868233741934e-01
   4.27896267683359e-01
   4.26923972903330e-01
   4.25951352675938e-01
   4.24978410242662e-01
   4.24005148812700e-01
   4.23031571563281e-01
   4.22057681639992e-01
   4.21083482157089e-01
   4.20108976197809e-01
   4.19134166814680e-01
   4.18159057029828e-01
   4.17183649835276e-01
   4.16207948193248e-01
   4.15231955036462e-01
   4.14255673268429e-01
   4.13279105763739e-01
   4.12302255368351e-01
   4.11325124899876e-01
   4.10347717147866e-01
   4.09370034874085e-01
   4.08392080812791e-01
   4.07413857671009e-01
   4.06435368128800e-01
   4.05456614839534e-01
   4.04477600430152e-01
   4.03498327501429e-01
   4.02518798628238e-01
   4.01539016359806e-01
   4.00558983219969e-01
   3.99578701707424e-01
   3.98598174295984e-01
   3.97617403434821e-01
   3.96636391548711e-01
   3.95655141038282e-01
   3.94673654280251e-01
   3.93691933627662e-01
   3.92709981410121e-01
   3.91727799934035e-01
   3.90745391482836e-01
   3.89762758317212e-01
   3.88779902675338e-01
   3.87796826773094e-01
   3.86813532804289e-01
   3.85830022940884e-01
   3.84846299333206e-01
   3.83862364110162e-01
   3.82878219379460e-01
   3.81893867227810e-01
   3.80909309721143e-01
   3.79924548904809e-01
   3.78939586803788e-01
   3.77954425422891e-01
   3.76969066746961e-01
   3.75983512741071e-01
   3.74997765350724e-01
   3.74011826502042e-01
   3.73025698101966e-01
   3.72039382038443e-01
   3.71052880180613e-01
   3.70066194379003e-01
   3.69079326465708e-01
   3.68092278254573e-01
   3.67105051541378e-01
   3.66117648104019e-01
   3.65130069702680e-01
   3.64142318080017e-01
   3.63154394961328e-01
   3.62166302054725e-01
   3.61178041051310e-01
   3.60189613625340e-01
   3.59201021434396e-01
   3.58212266119550e-01
   3.57223349305528e-01
   3.56234272600874e-01
   3.55245037598113e-01
   3.54255645873904e-01
   3.53266098989205e-01
   3.52276398489428e-01
   3.51286545904589e-01
   3.50296542749467e-01
   3.49306390523755e-01
   3.48316090712207e-01
   3.47325644784788e-01
   3.46335054196825e-01
   3.45344320389147e-01
   3.44353444788234e-01
   3.43362428806356e-01
   3.42371273841720e-01
   3.41379981278604e-01
   3.40388552487500e-01
   3.39396988825248e-01
   3.38405291635176e-01
   3.37413462247231e-01
   3.36421501978115e-01
   3.35429412131412e-01
   3.34437193997727e-01
   3.33444848854807e-01
   3.32452377967674e-01
   3.31459782588750e-01
   3.30467063957983e-01
   3.29474223302971e-01
   3.28481261839084e-01
   3.27488180769588e-01
   3.26494981285764e-01
   3.25501664567029e-01
   3.24508231781049e-01
   3.23514684083865e-01
   3.22521022620001e-01
   3.21527248522581e-01
   3.20533362913445e-01
   3.19539366903257e-01
   3.18545261591621e-01
   3.17551048067187e-01
   3.16556727407763e-01
   3.15562300680422e-01
   3.14567768941608e-01
   3.13573133237244e-01
   3.12578394602835e-01
   3.11583554063571e-01
   3.10588612634433e-01
   3.09593571320292e-01
   3.08598431116009e-01
   3.07603193006539e-01
   3.06607857967025e-01
   3.05612426962896e-01
   3.04616900949969e-01
   3.03621280874538e-01
   3.02625567673473e-01
   3.01629762274311e-01
   3.00633865595354e-01
   2.99637878545756e-01
   2.98641802025613e-01
   2.97645636926061e-01
   2.96649384129356e-01
   2.95653044508970e-01
   2.94656618929672e-01
   2.93660108247621e-01
   2.92663513310445e-01
   2.91666834957332e-01
   2.90670074019113e-01
   2.89673231318339e-01
   2.88676307669374e-01
   2.87679303878466e-01
   2.86682220743837e-01
   2.85685059055754e-01
   2.84687819596618e-01
   2.83690503141033e-01
   2.82693110455891e-01
   2.81695642300442e-01
   2.80698099426378e-01
   2.79700482577901e-01
   2.78702792491803e-01
   2.77705029897535e-01
   2.76707195517285e-01
   2.75709290066046e-01
   2.74711314251691e-01
   2.73713268775042e-01
   2.72715154329941e-01
   2.71716971603318e-01
   2.70718721275263e-01
   2.69720404019092e-01
   2.68722020501413e-01
   2.67723571382197e-01
   2.66725057314839e-01
   2.65726478946228e-01
   2.64727836916810e-01
   2.63729131860651e-01
   2.62730364405501e-01
   2.61731535172861e-01
   2.60732644778038e-01
   2.59733693830213e-01
   2.58734682932497e-01
   2.57735612681997e-01
   2.56736483669871e-01
   2.55737296481389e-01
   2.54738051695991e-01
   2.53738749887349e-01
   2.52739391623417e-01
   2.51739977466495e-01
   2.50740507973280e-01
   2.49740983694928e-01
   2.48741405177101e-01
   2.47741772960030e-01
   2.46742087578562e-01
   2.45742349562220e-01
   2.44742559435251e-01
   2.43742717716680e-01
   2.42742824920364e-01
   2.41742881555041e-01
   2.40742888124382e-01
   2.39742845127043e-01
   2.38742753056710e-01
   2.37742612402154e-01
   2.36742423647279e-01
   2.35742187271167e-01
   2.34741903748129e-01
   2.33741573547752e-01
   2.32741197134946e-01
   2.31740774969991e-01
   2.30740307508581e-01
   2.29739795201872e-01
   2.28739238496528e-01
   2.27738637834761e-01
   2.26737993654381e-01
   2.25737306388838e-01
   2.24736576467262e-01
   2.23735804314511e-01
   2.22734990351210e-01
   2.21734134993796e-01
   2.20733238654558e-01
   2.19732301741677e-01
   2.18731324659270e-01
   2.17730307807428e-01
   2.16729251582259e-01
   2.15728156375924e-01
   2.14727022576678e-01
   2.13725850568908e-01
   2.12724640733177e-01
   2.11723393446251e-01
   2.10722109081149e-01
   2.09720788007172e-01
   2.08719430589943e-01
   2.07718037191443e-01
   2.06716608170050e-01
   2.05715143880568e-01
   2.04713644674272e-01
   2.03712110898936e-01
   2.02710542898870e-01
   2.01708941014954e-01
   2.00707305584675e-01
   1.99705636942157e-01
   1.98703935418196e-01
   1.97702201340294e-01
   1.96700435032691e-01
   1.95698636816397e-01
   1.94696807009225e-01
   1.93694945925822e-01
   1.92693053877703e-01
   1.91691131173278e-01
   1.90689178117887e-01
   1.89687195013827e-01
   1.88685182160385e-01
   1.87683139853868e-01
   1.86681068387630e-01
   1.85678968052104e-01
   1.84676839134831e-01
   1.83674681920488e-01
   1.82672496690914e-01
   1.81670283725145e-01
   1.80668043299434e-01
   1.79665775687285e-01
   1.78663481159476e-01
   1.77661159984090e-01
   1.76658812426539e-01
   1.75656438749591e-01
   1.74654039213397e-01
   1.73651614075518e-01
   1.72649163590947e-01
   1.71646688012141e-01
   1.70644187589039e-01
   1.69641662569093e-01
   1.68639113197289e-01
   1.67636539716174e-01
   1.66633942365877e-01
   1.65631321384139e-01
   1.64628677006329e-01
   1.63626009465475e-01
   1.62623318992282e-01
   1.61620605815159e-01
   1.60617870160237e-01
   1.59615112251398e-01
   1.58612332310293e-01
   1.57609530556363e-01
   1.56606707206868e-01
   1.55603862476900e-01
   1.54600996579410e-01
   1.53598109725229e-01
   1.52595202123086e-01
   1.51592273979634e-01
   1.50589325499465e-01
   1.49586356885134e-01
   1.48583368337179e-01
   1.47580360054141e-01
   1.46577332232583e-01
   1.45574285067109e-01
   1.44571218750386e-01
   1.43568133473164e-01
   1.42565029424288e-01
   1.41561906790728e-01
   1.40558765757587e-01
   1.39555606508126e-01
   1.38552429223782e-01
   1.37549234084184e-01
   1.36546021267171e-01
   1.35542790948811e-01
   1.34539543303420e-01
   1.33536278503576e-01
   1.32532996720138e-01
   1.31529698122265e-01
   1.30526382877429e-01
   1.29523051151436e-01
   1.28519703108439e-01
   1.27516338910956e-01
   1.26512958719889e-01
   1.25509562694533e-01
   1.24506150992600e-01
   1.23502723770230e-01
   1.22499281182007e-01
   1.21495823380977e-01
   1.20492350518659e-01
   1.19488862745067e-01
   1.18485360208717e-01
   1.17481843056647e-01
   1.16478311434431e-01
   1.15474765486192e-01
   1.14471205354620e-01
   1.13467631180982e-01
   1.12464043105136e-01
   1.11460441265551e-01
   1.10456825799314e-01
   1.09453196842148e-01
   1.08449554528423e-01
   1.07445898991172e-01
   1.06442230362102e-01
   1.05438548771608e-01
   1.04434854348788e-01
   1.03431147221452e-01
   1.02427427516139e-01
   1.01423695358125e-01
   1.00419950871441e-01
   9.94161941788816e-02
   9.84124254020177e-02
   9.74086446612100e-02
   9.64048520756204e-02
   9.54010477632239e-02
   9.43972318408203e-02
   9.33934044240461e-02
   9.23895656273863e-02
   9.13857155641853e-02
   9.03818543466588e-02
   8.93779820859046e-02
   8.83740988919142e-02
   8.73702048735834e-02
   8.63663001387236e-02
   8.53623847940721e-02
   8.43584589453032e-02
   8.33545226970389e-02
   8.23505761528589e-02
   8.13466194153112e-02
   8.03426525859226e-02
   7.93386757652087e-02
   7.83346890526837e-02
   7.73306925468709e-02
   7.63266863453122e-02
   7.53226705445779e-02
   7.43186452402766e-02
   7.33146105270645e-02
   7.23105664986552e-02
   7.13065132478285e-02
   7.03024508664407e-02
   6.92983794454327e-02
   6.82942990748398e-02
   6.72902098438007e-02
   6.62861118405660e-02
   6.52820051525074e-02
   6.42778898661266e-02
   6.32737660670634e-02
   6.22696338401047e-02
   6.12654932691932e-02
   6.02613444374352e-02
   5.92571874271093e-02
   5.82530223196747e-02
   5.72488491957793e-02
   5.62446681352676e-02
   5.52404792171888e-02
   5.42362825198051e-02
   5.32320781205988e-02
   5.22278660962807e-02
   5.12236465227976e-02
   5.02194194753395e-02
   4.92151850283480e-02
   4.82109432555229e-02
   4.72066942298302e-02
   4.62024380235088e-02
   4.51981747080785e-02
   4.41939043543465e-02
   4.31896270324148e-02
   4.21853428116873e-02
   4.11810517608764e-02
   4.01767539480103e-02
   3.91724494404397e-02
   3.81681383048442e-02
   3.71638206072395e-02
   3.61594964129838e-02
   3.51551657867842e-02
   3.41508287927032e-02
   3.31464854941656e-02
   3.21421359539641e-02
   3.11377802342663e-02
   3.01334183966203e-02
   2.91290505019615e-02
   2.81246766106181e-02
   2.71202967823176e-02
   2.61159110761925e-02
   2.51115195507864e-02
   2.41071222640598e-02
   2.31027192733959e-02
   2.20983106356063e-02
   2.10938964069368e-02
   2.00894766430731e-02
   1.90850513991460e-02
   1.80806207297375e-02
   1.70761846888857e-02
   1.60717433300907e-02
   1.50672967063195e-02
   1.40628448700118e-02
   1.30583878730847e-02
   1.20539257669385e-02
   1.10494586024613e-02
   1.00449864300346e-02
   9.04050929953785e-03
   8.03602726035385e-03
   7.03154036137350e-03
   6.02704865100074e-03
   5.02255217715741e-03
   4.01805098728804e-03
   3.01354512836460e-03
   2.00903464689125e-03
   0.00000000000000e+00
