ARMA_MAT_TXT_FN008
100 1
   0.00000000000000e+00
   1.73234601790811e-01
   2.46089292135336e-01
   3.10934194996863e-01
   3.68538859500201e-01
   4.19598899493257e-01
   4.64743096959922e-01
   5.04539822964767e-01
   5.39502841698432e-01
   5.70096556892977e-01
   5.96740754182130e-01
   6.19814887834055e-01
   6.39661955631574e-01
   6.56592001469015e-01
   6.70885281433222e-01
   6.82795125699854e-01
   6.92550525469867e-01
   7.00358471363216e-01
   7.06406067148830e-01
   7.10862440395656e-01
   7.13880469555800e-01
   7.15598345116267e-01
   7.16140980761330e-01
   7.15621288955929e-01
   7.14141333975989e-01
   7.11793374160088e-01
   7.08660804025655e-01
   7.04819005870314e-01
   7.00336119554695e-01
   6.95273738327523e-01
   6.89687537798541e-01
   6.83627844482167e-01
   6.77140149717707e-01
   6.70265574214104e-01
   6.63041287963052e-01
   6.55500889808492e-01
   6.47674750548550e-01
   6.39590323073586e-01
   6.31272422707382e-01
   6.22743480614248e-01
   6.14023772859760e-01
   6.05131627464238e-01
   5.96083611563329e-01
   5.86894700586938e-01
   5.77578431184103e-01
   5.68147039455448e-01
   5.58611585904794e-01
   5.48982068385921e-01
   5.39267524197828e-01
   5.29476122371097e-01
   5.19615247087725e-01
   5.09691573086321e-01
   4.99711133822654e-01
   4.89679383081608e-01
   4.79601250669696e-01
   4.69481192756861e-01
   4.59323237381625e-01
   4.49131025584290e-01
   4.38907848588211e-01
   4.28656681408848e-01
   4.18380213233786e-01
   4.08080874883959e-01
   3.97760863636512e-01
   3.87422165662778e-01
   3.77066576310496e-01
   3.66695718437402e-01
   3.56311058983395e-01
   3.45913923950509e-01
   3.35505511943680e-01
   3.25086906410559e-01
   3.14659086705374e-01
   3.04222938089820e-01
   2.93779260773103e-01
   2.83328778083452e-01
   2.72872143854543e-01
   2.62409949102261e-01
   2.51942728059993e-01
   2.41470963634068e-01
   2.30995092335058e-01
   2.20515508735302e-01
   2.10032569498169e-01
   1.99546597020204e-01
   1.89057882723350e-01
   1.78566690030866e-01
   1.68073257057333e-01
   1.57577799040211e-01
   1.47080510537786e-01
   1.36581567415944e-01
   1.26081128644061e-01
   1.15579337918356e-01
   1.05076325129277e-01
   9.45722076879037e-02
   8.40670917249185e-02
   7.35610731743810e-02
   6.30542387533811e-02
   5.25466668475691e-02
   4.20384283116078e-02
   3.15295871927206e-02
   2.10202013847235e-02
   0.00000000000000e+00
