ARMA_MAT_TXT_FN008
1000 1
   0.00000000000000e+00
   1.79303304467383e-02
   2.67467892393365e-02
   3.54654258690918e-02
   4.40872146522405e-02
   5.26131202007542e-02
   6.10440975189955e-02
   6.93810920994103e-02
   7.76250400172675e-02
   8.57768680244543e-02
   9.38374936423385e-02
   1.01807825253704e-01
   1.09688762193774e-01
   1.17481194840323e-01
   1.25186004702894e-01
   1.32804064511129e-01
   1.40336238302215e-01
   1.47783381507462e-01
   1.55146341038020e-01
   1.62425955369737e-01
   1.69623054627179e-01
   1.76738460666808e-01
   1.83772987159332e-01
   1.90727439671235e-01
   1.97602615745499e-01
   2.04399304981517e-01
   2.11118289114210e-01
   2.17760342092361e-01
   2.24326230156162e-01
   2.30816711913995e-01
   2.37232538418444e-01
   2.43574453241553e-01
   2.49843192549331e-01
   2.56039485175515e-01
   2.62164052694604e-01
   2.68217609494161e-01
   2.74200862846392e-01
   2.80114512979017e-01
   2.85959253145438e-01
   2.91735769694195e-01
   2.97444742137748e-01
   3.03086843220560e-01
   3.08662738986506e-01
   3.14173088845614e-01
   3.19618545640137e-01
   3.24999755709971e-01
   3.30317358957416e-01
   3.35571988911294e-01
   3.40764272790435e-01
   3.45894831566519e-01
   3.50964280026302e-01
   3.55973226833215e-01
   3.60922274588357e-01
   3.65812019890870e-01
   3.70643053397728e-01
   3.75415959882912e-01
   3.80131318296012e-01
   3.84789701820234e-01
   3.89391677929836e-01
   3.93937808446990e-01
   3.98428649598074e-01
   4.02864752069410e-01
   4.07246661062442e-01
   4.11574916348366e-01
   4.15850052322215e-01
   4.20072598056406e-01
   4.24243077353756e-01
   4.28362008799964e-01
   4.32429905815577e-01
   4.36447276707434e-01
   4.40414624719596e-01
   4.44332448083780e-01
   4.48201240069272e-01
   4.52021489032360e-01
   4.55793678465268e-01
   4.59518287044596e-01
   4.63195788679293e-01
   4.66826652558134e-01
   4.70411343196743e-01
   4.73950320484127e-01
   4.77444039728769e-01
   4.80892951704241e-01
   4.84297502694376e-01
   4.87658134537987e-01
   4.90975284673138e-01
   4.94249386180976e-01
   4.97480867829128e-01
   5.00670154114660e-01
   5.03817665306618e-01
   5.06923817488133e-01
   5.09989022598118e-01
   5.13013688472543e-01
   5.15998218885299e-01
   5.18943013588659e-01
   5.21848468353334e-01
   5.24714975008125e-01
   5.27542921479192e-01
   5.30332691828919e-01
   5.33084666294399e-01
   5.35799221325533e-01
   5.38476729622756e-01
   5.41117560174375e-01
   5.43722078293546e-01
   5.46290645654878e-01
   5.48823620330674e-01
   5.51321356826808e-01
   5.53784206118249e-01
   5.56212515684229e-01
   5.58606629543059e-01
   5.60966888286602e-01
   5.63293629114400e-01
   5.65587185867462e-01
   5.67847889061715e-01
   5.70076065921121e-01
   5.72272040410466e-01
   5.74436133267824e-01
   5.76568662036693e-01
   5.78669941097810e-01
   5.80740281700660e-01
   5.82779991994657e-01
   5.84789377060024e-01
   5.86768738938361e-01
   5.88718376662911e-01
   5.90638586288524e-01
   5.92529660921318e-01
   5.94391890748054e-01
   5.96225563065212e-01
   5.98030962307772e-01
   5.99808370077726e-01
   6.01558065172284e-01
   6.03280323611816e-01
   6.04975418667509e-01
   6.06643620888746e-01
   6.08285198130218e-01
   6.09900415578765e-01
   6.11489535779942e-01
   6.13052818664334e-01
   6.14590521573594e-01
   6.16102899286234e-01
   6.17590204043154e-01
   6.19052685572913e-01
   6.20490591116755e-01
   6.21904165453382e-01
   6.23293650923483e-01
   6.24659287454014e-01
   6.26001312582239e-01
   6.27319961479535e-01
   6.28615466974953e-01
   6.29888059578547e-01
   6.31137967504477e-01
   6.32365416693869e-01
   6.33570630837460e-01
   6.34753831398010e-01
   6.35915237632492e-01
   6.37055066614064e-01
   6.38173533253817e-01
   6.39270850322312e-01
   6.40347228470901e-01
   6.41402876252828e-01
   6.42438000144134e-01
   6.43452804564342e-01
   6.44447491896941e-01
   6.45422262509665e-01
   6.46377314774568e-01
   6.47312845087908e-01
   6.48229047889815e-01
   6.49126115683786e-01
   6.50004239055964e-01
   6.50863606694243e-01
   6.51704405407168e-01
   6.52526820142660e-01
   6.53331034006541e-01
   6.54117228280887e-01
   6.54885582442190e-01
   6.55636274179344e-01
   6.56369479411445e-01
   6.57085372305424e-01
   6.57784125293495e-01
   6.58465909090433e-01
   6.59130892710682e-01
   6.59779243485290e-01
   6.60411127078672e-01
   6.61026707505217e-01
   6.61626147145713e-01
   6.62209606763627e-01
   6.62777245521208e-01
   6.63329220995437e-01
   6.63865689193816e-01
   6.64386804570001e-01
   6.64892720039276e-01
   6.65383586993880e-01
   6.65859555318170e-01
   6.66320773403647e-01
   6.66767388163819e-01
   6.67199545048925e-01
   6.67617388060508e-01
   6.68021059765844e-01
   6.68410701312230e-01
   6.68786452441125e-01
   6.69148451502149e-01
   6.69496835466953e-01
   6.69831739942938e-01
   6.70153299186845e-01
   6.70461646118209e-01
   6.70756912332674e-01
   6.71039228115183e-01
   6.71308722453030e-01
   6.71565523048786e-01
   6.71809756333096e-01
   6.72041547477343e-01
   6.72261020406196e-01
   6.72468297810025e-01
   6.72663501157192e-01
   6.72846750706226e-01
   6.73018165517874e-01
   6.73177863467026e-01
   6.73325961254530e-01
   6.73462574418885e-01
   6.73587817347817e-01
   6.73701803289742e-01
   6.73804644365114e-01
   6.73896451577657e-01
   6.73977334825489e-01
   6.74047402912137e-01
   6.74106763557434e-01
   6.74155523408317e-01
   6.74193788049509e-01
   6.74221662014104e-01
   6.74239248794037e-01
   6.74246650850454e-01
   6.74243969623982e-01
   6.74231305544892e-01
   6.74208758043159e-01
   6.74176425558432e-01
   6.74134405549890e-01
   6.74082794506012e-01
   6.74021687954245e-01
   6.73951180470576e-01
   6.73871365689006e-01
   6.73782336310934e-01
   6.73684184114450e-01
   6.73576999963522e-01
   6.73460873817108e-01
   6.73335894738170e-01
   6.73202150902593e-01
   6.73059729608024e-01
   6.72908717282621e-01
   6.72749199493707e-01
   6.72581260956353e-01
   6.72404985541856e-01
   6.72220456286152e-01
   6.72027755398132e-01
   6.71826964267880e-01
   6.71618163474828e-01
   6.71401432795831e-01
   6.71176851213161e-01
   6.70944496922420e-01
   6.70704447340375e-01
   6.70456779112718e-01
   6.70201568121743e-01
   6.69938889493949e-01
   6.69668817607573e-01
   6.69391426100035e-01
   6.69106787875323e-01
   6.68814975111296e-01
   6.68516059266914e-01
   6.68210111089403e-01
   6.67897200621339e-01
   6.67577397207669e-01
   6.67250769502659e-01
   6.66917385476774e-01
   6.66577312423488e-01
   6.66230616966026e-01
   6.65877365064041e-01
   6.65517622020222e-01
   6.65151452486840e-01
   6.64778920472223e-01
   6.64400089347171e-01
   6.64015021851307e-01
   6.63623780099363e-01
   6.63226425587401e-01
   6.62823019198979e-01
   6.62413621211252e-01
   6.61998291301006e-01
   6.61577088550645e-01
   6.61150071454107e-01
   6.60717297922723e-01
   6.60278825291028e-01
   6.59834710322495e-01
   6.59385009215233e-01
   6.58929777607612e-01
   6.58469070583837e-01
   6.58002942679475e-01
   6.57531447886910e-01
   6.57054639660760e-01
   6.56572570923232e-01
   6.56085294069420e-01
   6.55592860972563e-01
   6.55095322989237e-01
   6.54592730964500e-01
   6.54085135236994e-01
   6.53572585643981e-01
   6.53055131526341e-01
   6.52532821733516e-01
   6.52005704628401e-01
   6.51473828092195e-01
   6.50937239529198e-01
   6.50395985871556e-01
   6.49850113583970e-01
   6.49299668668348e-01
   6.48744696668415e-01
   6.48185242674278e-01
   6.47621351326943e-01
   6.47053066822787e-01
   6.46480432917989e-01
   6.45903492932912e-01
   6.45322289756446e-01
   6.44736865850304e-01
   6.44147263253277e-01
   6.43553523585446e-01
   6.42955688052353e-01
   6.42353797449130e-01
   6.41747892164586e-01
   6.41138012185255e-01
   6.40524197099401e-01
   6.39906486100987e-01
   6.39284917993600e-01
   6.38659531194341e-01
   6.38030363737674e-01
   6.37397453279236e-01
   6.36760837099612e-01
   6.36120552108068e-01
   6.35476634846252e-01
   6.34829121491854e-01
   6.34178047862233e-01
   6.33523449418001e-01
   6.32865361266583e-01
   6.32203818165730e-01
   6.31538854527002e-01
   6.30870504419219e-01
   6.30198801571872e-01
   6.29523779378503e-01
   6.28845470900055e-01
   6.28163908868177e-01
   6.27479125688511e-01
   6.26791153443936e-01
   6.26100023897783e-01
   6.25405768497018e-01
   6.24708418375391e-01
   6.24008004356559e-01
   6.23304556957174e-01
   6.22598106389938e-01
   6.21888682566634e-01
   6.21176315101118e-01
   6.20461033312294e-01
   6.19742866227044e-01
   6.19021842583143e-01
   6.18297990832132e-01
   6.17571339142176e-01
   6.16841915400881e-01
   6.16109747218091e-01
   6.15374861928653e-01
   6.14637286595157e-01
   6.13897048010649e-01
   6.13154172701313e-01
   6.12408686929129e-01
   6.11660616694508e-01
   6.10909987738894e-01
   6.10156825547344e-01
   6.09401155351081e-01
   6.08643002130025e-01
   6.07882390615294e-01
   6.07119345291679e-01
   6.06353890400105e-01
   6.05586049940053e-01
   6.04815847671968e-01
   6.04043307119637e-01
   6.03268451572553e-01
   6.02491304088240e-01
   6.01711887494567e-01
   6.00930224392039e-01
   6.00146337156056e-01
   5.99360247939157e-01
   5.98571978673240e-01
   5.97781551071762e-01
   5.96988986631909e-01
   5.96194306636756e-01
   5.95397532157395e-01
   5.94598684055049e-01
   5.93797782983163e-01
   5.92994849389470e-01
   5.92189903518043e-01
   5.91382965411323e-01
   5.90574054912125e-01
   5.89763191665631e-01
   5.88950395121351e-01
   5.88135684535082e-01
   5.87319078970826e-01
   5.86500597302711e-01
   5.85680258216875e-01
   5.84858080213340e-01
   5.84034081607867e-01
   5.83208280533792e-01
   5.82380694943839e-01
   5.81551342611923e-01
   5.80720241134931e-01
   5.79887407934480e-01
   5.79052860258669e-01
   5.78216615183804e-01
   5.77378689616110e-01
   5.76539100293423e-01
   5.75697863786872e-01
   5.74854996502533e-01
   5.74010514683079e-01
   5.73164434409402e-01
   5.72316771602230e-01
   5.71467542023716e-01
   5.70616761279024e-01
   5.69764444817888e-01
   5.68910607936161e-01
   5.68055265777349e-01
   5.67198433334126e-01
   5.66340125449840e-01
   5.65480356819997e-01
   5.64619141993734e-01
   5.63756495375278e-01
   5.62892431225390e-01
   5.62026963662791e-01
   5.61160106665579e-01
   5.60291874072629e-01
   5.59422279584981e-01
   5.58551336767209e-01
   5.57679059048785e-01
   5.56805459725423e-01
   5.55930551960408e-01
   5.55054348785919e-01
   5.54176863104334e-01
   5.53298107689522e-01
   5.52418095188123e-01
   5.51536838120817e-01
   5.50654348883574e-01
   5.49770639748901e-01
   5.48885722867071e-01
   5.47999610267338e-01
   5.47112313859143e-01
   5.46223845433310e-01
   5.45334216663224e-01
   5.44443439106003e-01
   5.43551524203654e-01
   5.42658483284222e-01
   5.41764327562924e-01
   5.40869068143272e-01
   5.39972716018185e-01
   5.39075282071094e-01
   5.38176777077029e-01
   5.37277211703699e-01
   5.36376596512564e-01
   5.35474941959888e-01
   5.34572258397793e-01
   5.33668556075292e-01
   5.32763845139315e-01
   5.31858135635731e-01
   5.30951437510349e-01
   5.30043760609918e-01
   5.29135114683113e-01
   5.28225509381510e-01
   5.27314954260556e-01
   5.26403458780525e-01
   5.25491032307465e-01
   5.24577684114138e-01
   5.23663423380948e-01
   5.22748259196862e-01
   5.21832200560321e-01
   5.20915256380139e-01
   5.19997435476399e-01
   5.19078746581335e-01
   5.18159198340206e-01
   5.17238799312166e-01
   5.16317557971117e-01
   5.15395482706562e-01
   5.14472581824442e-01
   5.13548863547971e-01
   5.12624336018461e-01
   5.11699007296132e-01
   5.10772885360928e-01
   5.09845978113308e-01
   5.08918293375046e-01
   5.07989838890006e-01
   5.07060622324927e-01
   5.06130651270183e-01
   5.05199933240550e-01
   5.04268475675955e-01
   5.03336285942222e-01
   5.02403371331812e-01
   5.01469739064553e-01
   5.00535396288362e-01
   4.99600350079961e-01
   4.98664607445590e-01
   4.97728175321705e-01
   4.96791060575675e-01
   4.95853270006467e-01
   4.94914810345333e-01
   4.93975688256479e-01
   4.93035910337737e-01
   4.92095483121221e-01
   4.91154413073989e-01
   4.90212706598683e-01
   4.89270370034175e-01
   4.88327409656202e-01
   4.87383831677994e-01
   4.86439642250897e-01
   4.85494847464988e-01
   4.84549453349688e-01
   4.83603465874363e-01
   4.82656890948925e-01
   4.81709734424421e-01
   4.80762002093623e-01
   4.79813699691606e-01
   4.78864832896323e-01
   4.77915407329173e-01
   4.76965428555568e-01
   4.76014902085487e-01
   4.75063833374027e-01
   4.74112227821955e-01
   4.73160090776244e-01
   4.72207427530612e-01
   4.71254243326050e-01
   4.70300543351350e-01
   4.69346332743620e-01
   4.68391616588806e-01
   4.67436399922194e-01
   4.66480687728922e-01
   4.65524484944471e-01
   4.64567796455169e-01
   4.63610627098672e-01
   4.62652981664455e-01
   4.61694864894289e-01
   4.60736281482714e-01
   4.59777236077516e-01
   4.58817733280187e-01
   4.57857777646386e-01
   4.56897373686401e-01
   4.55936525865594e-01
   4.54975238604853e-01
   4.54013516281033e-01
   4.53051363227396e-01
   4.52088783734044e-01
   4.51125782048350e-01
   4.50162362375380e-01
   4.49198528878322e-01
   4.48234285678893e-01
   4.47269636857761e-01
   4.46304586454950e-01
   4.45339138470244e-01
   4.44373296863589e-01
   4.43407065555489e-01
   4.42440448427401e-01
   4.41473449322121e-01
   4.40506072044172e-01
   4.39538320360183e-01
   4.38570197999265e-01
   4.37601708653390e-01
   4.36632855977757e-01
   4.35663643591157e-01
   4.34694075076338e-01
   4.33724153980367e-01
   4.32753883814977e-01
   4.31783268056926e-01
   4.30812310148345e-01
   4.29841013497079e-01
   4.28869381477031e-01
   4.27897417428499e-01
   4.26925124658513e-01
   4.25952506441164e-01
   4.24979566017932e-01
   4.24006306598012e-01
   4.23032731358637e-01
   4.22058843445391e-01
   4.21084645972531e-01
   4.20110142023294e-01
   4.19135334650209e-01
   4.18160226875400e-01
   4.17184821690891e-01
   4.16209122058905e-01
   4.15233130912163e-01
   4.14256851154174e-01
   4.13280285659526e-01
   4.12303437274181e-01
   4.11326308815750e-01
   4.10348903073783e-01
   4.09371222810045e-01
   4.08393270758794e-01
   4.07415049627055e-01
   4.06436562094889e-01
   4.05457810815667e-01
   4.04478798416327e-01
   4.03499527497647e-01
   4.02520000634500e-01
   4.01540220376111e-01
   4.00560189246317e-01
   3.99579909743816e-01
   3.98599384342419e-01
   3.97618615491299e-01
   3.96637605615232e-01
   3.95656357114847e-01
   3.94674872366859e-01
   3.93693153724313e-01
   3.92711203516816e-01
   3.91729024050773e-01
   3.90746617609617e-01
   3.89763986454037e-01
   3.88781132822207e-01
   3.87798058930006e-01
   3.86814766971244e-01
   3.85831259117883e-01
   3.84847537520247e-01
   3.83863604307247e-01
   3.82879461586588e-01
   3.81895111444982e-01
   3.80910555948357e-01
   3.79925797142066e-01
   3.78940837051089e-01
   3.77955677680235e-01
   3.76970321014348e-01
   3.75984769018502e-01
   3.74999023638198e-01
   3.74013086799560e-01
   3.73026960409527e-01
   3.72040646356047e-01
   3.71054146508261e-01
   3.70067462716694e-01
   3.69080596813442e-01
   3.68093550612351e-01
   3.67106325909199e-01
   3.66118924481883e-01
   3.65131348090588e-01
   3.64143598477969e-01
   3.63155677369323e-01
   3.62167586472763e-01
   3.61179327479392e-01
   3.60190902063465e-01
   3.59202311882564e-01
   3.58213558577761e-01
   3.57224643773783e-01
   3.56235569079173e-01
   3.55246336086455e-01
   3.54256946372289e-01
   3.53267401497634e-01
   3.52277703007900e-01
   3.51287852433104e-01
   3.50297851288026e-01
   3.49307701072357e-01
   3.48317403270852e-01
   3.47326959353477e-01
   3.46336370775556e-01
   3.45345638977922e-01
   3.44354765387051e-01
   3.43363751415217e-01
   3.42372598460624e-01
   3.41381307907552e-01
   3.40389881126490e-01
   3.39398319474282e-01
   3.38406624294253e-01
   3.37414796916352e-01
   3.36422838657278e-01
   3.35430750820619e-01
   3.34438534696977e-01
   3.33446191564100e-01
   3.32453722687010e-01
   3.31461129318130e-01
   3.30468412697406e-01
   3.29475574052437e-01
   3.28482614598594e-01
   3.27489535539141e-01
   3.26496338065361e-01
   3.25503023356668e-01
   3.24509592580732e-01
   3.23516046893591e-01
   3.22522387439770e-01
   3.21528615352394e-01
   3.20534731753301e-01
   3.19540737753156e-01
   3.18546634451563e-01
   3.17552422937172e-01
   3.16558104287791e-01
   3.15563679570494e-01
   3.14569149841723e-01
   3.13574516147402e-01
   3.12579779523036e-01
   3.11584940993815e-01
   3.10590001574720e-01
   3.09594962270622e-01
   3.08599824076383e-01
   3.07604587976956e-01
   3.06609254947484e-01
   3.05613825953399e-01
   3.04618301950515e-01
   3.03622683885127e-01
   3.02626972694105e-01
   3.01631169304987e-01
   3.00635274636073e-01
   2.99639289596517e-01
   2.98643215086418e-01
   2.97647051996909e-01
   2.96650801210247e-01
   2.95654463599904e-01
   2.94658040030650e-01
   2.93661531358641e-01
   2.92664938431508e-01
   2.91668262088439e-01
   2.90671503160262e-01
   2.89674662469532e-01
   2.88677740830610e-01
   2.87680739049745e-01
   2.86683657925159e-01
   2.85686498247120e-01
   2.84689260798027e-01
   2.83691946352485e-01
   2.82694555677386e-01
   2.81697089531980e-01
   2.80699548667959e-01
   2.79701933829526e-01
   2.78704245753471e-01
   2.77706485169246e-01
   2.76708652799039e-01
   2.75710749357843e-01
   2.74712775553531e-01
   2.73714732086925e-01
   2.72716619651867e-01
   2.71718438935288e-01
   2.70720190617276e-01
   2.69721875371148e-01
   2.68723493863513e-01
   2.67725046754339e-01
   2.66726534697024e-01
   2.65727958338457e-01
   2.64729318319082e-01
   2.63730615272965e-01
   2.62731849827859e-01
   2.61733022605262e-01
   2.60734134220482e-01
   2.59735185282700e-01
   2.58736176395027e-01
   2.57737108154571e-01
   2.56737981152487e-01
   2.55738795974048e-01
   2.54739553198694e-01
   2.53740253400095e-01
   2.52740897146206e-01
   2.51741484999327e-01
   2.50742017516156e-01
   2.49742495247847e-01
   2.48742918740063e-01
   2.47743288533035e-01
   2.46743605161611e-01
   2.45743869155312e-01
   2.44744081038386e-01
   2.43744241329858e-01
   2.42744350543586e-01
   2.41744409188306e-01
   2.40744417767691e-01
   2.39744376780394e-01
   2.38744286720104e-01
   2.37744148075592e-01
   2.36743961330760e-01
   2.35743726964691e-01
   2.34743445451696e-01
   2.33743117261363e-01
   2.32742742858600e-01
   2.31742322703688e-01
   2.30741857252321e-01
   2.29741346955656e-01
   2.28740792260355e-01
   2.27740193608631e-01
   2.26739551438295e-01
   2.25738866182795e-01
   2.24738138271262e-01
   2.23737368128554e-01
   2.22736556175297e-01
   2.21735702827926e-01
   2.20734808498731e-01
   2.19733873595894e-01
   2.18732898523530e-01
   2.17731883681732e-01
   2.16730829466606e-01
   2.15729736270314e-01
   2.14728604481111e-01
   2.13727434483385e-01
   2.12726226657697e-01
   2.11724981380815e-01
   2.10723699025756e-01
   2.09722379961823e-01
   2.08721024554637e-01
   2.07719633166181e-01
   2.06718206154830e-01
   2.05716743875392e-01
   2.04715246679140e-01
   2.03713714913847e-01
   2.02712148923824e-01
   2.01710549049952e-01
   2.00708915629716e-01
   1.99707248997242e-01
   1.98705549483324e-01
   1.97703817415466e-01
   1.96702053117906e-01
   1.95700256911655e-01
   1.94698429114527e-01
   1.93696570041168e-01
   1.92694680003092e-01
   1.91692759308711e-01
   1.90690808263363e-01
   1.89688827169346e-01
   1.88686816325948e-01
   1.87684776029474e-01
   1.86682706573279e-01
   1.85680608247797e-01
   1.84678481340568e-01
   1.83676326136268e-01
   1.82674142916738e-01
   1.81671931961011e-01
   1.80669693545344e-01
   1.79667427943238e-01
   1.78665135425473e-01
   1.77662816260131e-01
   1.76660470712623e-01
   1.75658099045719e-01
   1.74655701519569e-01
   1.73653278391733e-01
   1.72650829917206e-01
   1.71648356348443e-01
   1.70645857935385e-01
   1.69643334925482e-01
   1.68640787563722e-01
   1.67638216092650e-01
   1.66635620752397e-01
   1.65633001780702e-01
   1.64630359412936e-01
   1.63627693882125e-01
   1.62625005418976e-01
   1.61622294251896e-01
   1.60619560607018e-01
   1.59616804708222e-01
   1.58614026777160e-01
   1.57611227033274e-01
   1.56608405693822e-01
   1.55605562973898e-01
   1.54602699086451e-01
   1.53599814242314e-01
   1.52596908650215e-01
   1.51593982516806e-01
   1.50591036046680e-01
   1.49588069442393e-01
   1.48585082904482e-01
   1.47582076631487e-01
   1.46579050819972e-01
   1.45576005664542e-01
   1.44572941357863e-01
   1.43569858090684e-01
   1.42566756051852e-01
   1.41563635428335e-01
   1.40560496405237e-01
   1.39557339165820e-01
   1.38554163891519e-01
   1.37550970761965e-01
   1.36547759954995e-01
   1.35544531646679e-01
   1.34541286011331e-01
   1.33538023221530e-01
   1.32534743448136e-01
   1.31531446860306e-01
   1.30528133625514e-01
   1.29524803909564e-01
   1.28521457876611e-01
   1.27518095689172e-01
   1.26514717508148e-01
   1.25511323492836e-01
   1.24507913800946e-01
   1.23504488588619e-01
   1.22501048010440e-01
   1.21497592219453e-01
   1.20494121367179e-01
   1.19490635603630e-01
   1.18487135077323e-01
   1.17483619935297e-01
   1.16480090323124e-01
   1.15476546384930e-01
   1.14472988263401e-01
   1.13469416099806e-01
   1.12465830034004e-01
   1.11462230204462e-01
   1.10458616748269e-01
   1.09454989801146e-01
   1.08451349497464e-01
   1.07447695970257e-01
   1.06444029351230e-01
   1.05440349770780e-01
   1.04436657358004e-01
   1.03432952240711e-01
   1.02429234545441e-01
   1.01425504397471e-01
   1.00421761920831e-01
   9.94180072383145e-02
   9.84142404714941e-02
   9.74104617407300e-02
   9.64066711651839e-02
   9.54028688628309e-02
   9.43990549504708e-02
   9.33952295437402e-02
   9.23913927571238e-02
   9.13875447039663e-02
   9.03836854964833e-02
   8.93798152457726e-02
   8.83759340618257e-02
   8.73720420535384e-02
   8.63681393287221e-02
   8.53642259941141e-02
   8.43603021553888e-02
   8.33563679171679e-02
   8.23524233830314e-02
   8.13484686555272e-02
   8.03445038361822e-02
   7.93405290255117e-02
   7.83365443230302e-02
   7.73325498272610e-02
   7.63285456357457e-02
   7.53245318450550e-02
   7.43205085507972e-02
   7.33164758476286e-02
   7.23124338292627e-02
   7.13083825884796e-02
   7.03043222171353e-02
   6.93002528061708e-02
   6.82961744456215e-02
   6.72920872246258e-02
   6.62879912314346e-02
   6.52838865534196e-02
   6.42797732770823e-02
   6.32756514880625e-02
   6.22715212711474e-02
   6.12673827102794e-02
   6.02632358885649e-02
   5.92590808882825e-02
   5.82549177908914e-02
   5.72507466770395e-02
   5.62465676265713e-02
   5.52423807185361e-02
   5.42381860311959e-02
   5.32339836420331e-02
   5.22297736277586e-02
   5.12255560643189e-02
   5.02213310269044e-02
   4.92170985899564e-02
   4.82128588271749e-02
   4.72086118115256e-02
   4.62043576152478e-02
   4.52000963098610e-02
   4.41958279661725e-02
   4.31915526542844e-02
   4.21872704436004e-02
   4.11829814028330e-02
   4.01786856000105e-02
   3.91743831024834e-02
   3.81700739769314e-02
   3.71657582893703e-02
   3.61614361051581e-02
   3.51571074890019e-02
   3.41527725049645e-02
   3.31484312164704e-02
   3.21440836863125e-02
   3.11397299766582e-02
   3.01353701490558e-02
   2.91310042644405e-02
   2.81266323831406e-02
   2.71222545648836e-02
   2.61178708688020e-02
   2.51134813534395e-02
   2.41090860767564e-02
   2.31046850961360e-02
   2.21002784683899e-02
   2.10958662497639e-02
   2.00914484959437e-02
   1.90870252620602e-02
   1.80825966026952e-02
   1.70781625718870e-02
   1.60737232231354e-02
   1.50692786094078e-02
   1.40648287831435e-02
   1.30603737962600e-02
   1.20559137001573e-02
   1.10514485457237e-02
   1.00469783833405e-02
   9.04250326288724e-03
   8.03802323374676e-03
   7.03353834480994e-03
   6.02904864448070e-03
   5.02455418068089e-03
   4.02005500085504e-03
   3.01555115197514e-03
   2.01104268054530e-03
   0.00000000000000e+00
