ARMA_MAT_TXT_FN008
100 1
   0.00000000000000e+00
   1.73238826940746e-01
   2.46095629860239e-01
   3.10942645296733e-01
   3.68549422375038e-01
   4.19611574943062e-01
   4.64757884984694e-01
   5.04556723564507e-01
   5.39521854873139e-01
   5.70117682642652e-01
   5.96763992506772e-01
   6.19840238733664e-01
   6.39689419106151e-01
   6.56621577518560e-01
   6.70916970057733e-01
   6.82828926899334e-01
   6.92586439244314e-01
   7.00396497712630e-01
   7.06446206073212e-01
   7.10904691895005e-01
   7.13924833630116e-01
   7.15644821765550e-01
   7.16189569985581e-01
   7.15671990755147e-01
   7.14194148350174e-01
   7.11848301109240e-01
   7.08717843549774e-01
   7.04878157969400e-01
   7.00397384228748e-01
   6.95337115576544e-01
   6.89753027622528e-01
   6.83695446881122e-01
   6.77209864691629e-01
   6.70337401762993e-01
   6.63115228086908e-01
   6.55576942507314e-01
   6.47752915822339e-01
   6.39670600922342e-01
   6.31354813131105e-01
   6.22827983612937e-01
   6.14110388433417e-01
   6.05220355612861e-01
   5.96174452286919e-01
   5.86987653885495e-01
   5.77673497057627e-01
   5.68244217903938e-01
   5.58710876928252e-01
   5.49083471984345e-01
   5.39371040371220e-01
   5.29581751119455e-01
   5.19722988411050e-01
   5.09801426984613e-01
   4.99823100295913e-01
   4.89793462129833e-01
   4.79717442292889e-01
   4.69599496955021e-01
   4.59443654154752e-01
   4.49253554932383e-01
   4.39032490511271e-01
   4.28783435906876e-01
   4.18509080306780e-01
   4.08211854531920e-01
   3.97893955859441e-01
   3.87557370460674e-01
   3.77203893683359e-01
   3.66835148385232e-01
   3.56452601506191e-01
   3.46057579048273e-01
   3.35651279616411e-01
   3.25234786658257e-01
   3.14809079528039e-01
   3.04375043487452e-01
   2.93933478745702e-01
   2.83485108631018e-01
   2.73030586977075e-01
   2.62570504799760e-01
   2.52105396332460e-01
   2.41635744481502e-01
   2.31161985757458e-01
   2.20684514732669e-01
   2.10203688070504e-01
   1.99719828167506e-01
   1.89233226445619e-01
   1.78744146328101e-01
   1.68252825929535e-01
   1.57759480487380e-01
   1.47264304559923e-01
   1.36767474013047e-01
   1.26269147816131e-01
   1.15769469665393e-01
   1.05268569451281e-01
   9.47665645848748e-02
   8.42635611968565e-02
   7.37596552212859e-02
   6.32549333752530e-02
   5.27494740444079e-02
   4.22433480834135e-02
   3.17366195394932e-02
   2.12293463064631e-02
   0.00000000000000e+00
